4.481077194213867188e-02
4.682302474975585938e-02
4.172086715698242188e-02
3.546762466430664062e-02
3.364992141723632812e-02
3.597545623779296875e-02
3.891849517822265625e-02
3.563165664672851562e-02
3.183984756469726562e-02
3.475618362426757812e-02
3.602290153503417969e-02
3.256177902221679688e-02
3.410530090332031250e-02
3.729343414306640625e-02
3.423213958740234375e-02
3.456521034240722656e-02
3.468275070190429688e-02
3.665542602539062500e-02
3.494501113891601562e-02
3.435516357421875000e-02
3.781676292419433594e-02
3.693890571594238281e-02
3.709506988525390625e-02
4.078078269958496094e-02
3.575897216796875000e-02
3.732800483703613281e-02
4.128313064575195312e-02
4.469013214111328125e-02
4.735422134399414062e-02
4.039812088012695312e-02
4.165029525756835938e-02
4.321837425231933594e-02
4.228091239929199219e-02
3.710579872131347656e-02
4.466438293457031250e-02
4.347658157348632812e-02
3.673338890075683594e-02
4.595303535461425781e-02
3.805541992187500000e-02
3.813481330871582031e-02
4.331421852111816406e-02
4.306674003601074219e-02
3.955912590026855469e-02
5.299234390258789062e-02
5.935001373291015625e-02
1.541643142700195312e-01
6.238746643066406250e-02
5.419754981994628906e-02
5.464959144592285156e-02
5.854010581970214844e-02
6.139230728149414062e-02
5.544638633728027344e-02
5.723500251770019531e-02
4.764366149902343750e-02
5.950593948364257812e-02
5.950760841369628906e-02
5.895161628723144531e-02
6.258964538574218750e-02
6.366252899169921875e-02
6.234574317932128906e-02
6.041550636291503906e-02
4.630351066589355469e-02
6.607031822204589844e-02
5.986523628234863281e-02
6.717109680175781250e-02
6.141567230224609375e-02
7.757115364074707031e-02
6.925630569458007812e-02
6.770634651184082031e-02
8.637881278991699219e-02
1.081981658935546875e-01
8.264994621276855469e-02
9.033536911010742188e-02
8.497309684753417969e-02
6.546211242675781250e-02
7.306408882141113281e-02
8.318781852722167969e-02
5.710959434509277344e-02
8.142280578613281250e-02
8.377027511596679688e-02
6.646943092346191406e-02
9.179401397705078125e-02
6.355524063110351562e-02
7.672762870788574219e-02
1.025750637054443359e-01
6.752276420593261719e-02
9.655070304870605469e-02
8.275651931762695312e-02
6.511330604553222656e-02
7.387876510620117188e-02
1.214504241943359375e-01
8.458614349365234375e-02
1.017425060272216797e-01
9.611392021179199219e-02
7.997989654541015625e-02
1.054131984710693359e-01
7.649374008178710938e-02
8.069920539855957031e-02
1.095983982086181641e-01
8.289217948913574219e-02
1.523835659027099609e-01
1.499004364013671875e-01
1.406190395355224609e-01
1.097180843353271484e-01
1.241288185119628906e-01
1.302046775817871094e-01
8.448076248168945312e-02
1.295235157012939453e-01
1.346430778503417969e-01
1.327340602874755859e-01
1.306550502777099609e-01
1.494448184967041016e-01
9.456038475036621094e-02
9.403133392333984375e-02
1.309282779693603516e-01
1.013789176940917969e-01
9.908914566040039062e-02
1.260240077972412109e-01
1.595516204833984375e-01
1.345503330230712891e-01
1.040468215942382812e-01
1.062221527099609375e-01
1.557493209838867188e-01
1.555907726287841797e-01
1.148862838745117188e-01
1.538214683532714844e-01
1.349511146545410156e-01
1.091616153717041016e-01
1.734409332275390625e-01
1.252532005310058594e-01
1.149799823760986328e-01
1.558115482330322266e-01
1.674025058746337891e-01
1.723866462707519531e-01
1.744759082794189453e-01
1.816530227661132812e-01
1.517744064331054688e-01
1.221311092376708984e-01
1.851429939270019531e-01
2.062089443206787109e-01
1.874108314514160156e-01
1.924448013305664062e-01
2.465219497680664062e-01
1.380295753479003906e-01
2.250294685363769531e-01
1.915090084075927734e-01
1.465651988983154297e-01
2.001004219055175781e-01
2.516024112701416016e-01
2.272174358367919922e-01
2.541205883026123047e-01
2.508616447448730469e-01
2.267942428588867188e-01
1.661639213562011719e-01
1.794750690460205078e-01
2.193706035614013672e-01
2.231936454772949219e-01
1.581683158874511719e-01
1.682033538818359375e-01
2.306270599365234375e-01
2.952349185943603516e-01
2.273855209350585938e-01
1.645836830139160156e-01
1.727659702301025391e-01
2.586412429809570312e-01
1.806185245513916016e-01
2.301590442657470703e-01
2.251076698303222656e-01
2.521235942840576172e-01
2.274801731109619141e-01
1.870741844177246094e-01
2.531349658966064453e-01
2.378511428833007812e-01
1.855084896087646484e-01
2.511949539184570312e-01
1.980590820312500000e-01
2.031197547912597656e-01
1.954448223114013672e-01
2.190008163452148438e-01
2.004244327545166016e-01
2.195546627044677734e-01
2.132573127746582031e-01
3.001935482025146484e-01
2.838203907012939453e-01
2.026391029357910156e-01
2.066948413848876953e-01
2.215631008148193359e-01
2.582428455352783203e-01
2.142858505249023438e-01
2.970082759857177734e-01
3.132231235504150391e-01
2.181243896484375000e-01
2.406253814697265625e-01
3.097338676452636719e-01
2.324590682983398438e-01
3.578767776489257812e-01
2.423005104064941406e-01
2.810225486755371094e-01
3.729879856109619141e-01
2.342553138732910156e-01
2.454087734222412109e-01
2.843451499938964844e-01
2.468290328979492188e-01
2.480247020721435547e-01
3.004744052886962891e-01
4.864416122436523438e-01
3.026597499847412109e-01
3.925936222076416016e-01
3.921666145324707031e-01
3.866105079650878906e-01
3.919515609741210938e-01
4.338216781616210938e-01
3.960461616516113281e-01
3.971812725067138672e-01
4.002640247344970703e-01
4.224448204040527344e-01
4.507904052734375000e-01
3.677656650543212891e-01
4.120085239410400391e-01
3.127400875091552734e-01
2.975726127624511719e-01
3.131818771362304688e-01
3.161365985870361328e-01
4.255414009094238281e-01
3.143532276153564453e-01
4.416151046752929688e-01
4.851717948913574219e-01
4.668567180633544922e-01
4.566454887390136719e-01
4.022622108459472656e-01
5.098195075988769531e-01
4.116668701171875000e-01
3.694598674774169922e-01
5.054852962493896484e-01
5.666487216949462891e-01
5.977168083190917969e-01
4.902248382568359375e-01
6.260735988616943359e-01
4.353744983673095703e-01
3.585693836212158203e-01
4.517278671264648438e-01
6.982927322387695312e-01
6.927416324615478516e-01
6.452484130859375000e-01
6.325342655181884766e-01
3.859405517578125000e-01
4.842069149017333984e-01
5.698399543762207031e-01
5.761625766754150391e-01
4.271304607391357422e-01
7.059197425842285156e-01
4.918663501739501953e-01
5.508911609649658203e-01
5.112142562866210938e-01
4.304289817810058594e-01
4.685523509979248047e-01
6.741483211517333984e-01
6.148922443389892578e-01
5.654249191284179688e-01
4.057123661041259766e-01
4.060611724853515625e-01
4.980869293212890625e-01
5.461051464080810547e-01
4.115378856658935547e-01
6.060009002685546875e-01
5.198361873626708984e-01
5.670926570892333984e-01
5.466146469116210938e-01
4.415183067321777344e-01
4.891555309295654297e-01
4.707050323486328125e-01
6.681082248687744141e-01
4.657990932464599609e-01
4.856863021850585938e-01
4.679446220397949219e-01
5.169920921325683594e-01
4.412269592285156250e-01
5.000288486480712891e-01
5.896103382110595703e-01
6.455926895141601562e-01
5.131115913391113281e-01
4.871902465820312500e-01
4.517860412597656250e-01
4.549772739410400391e-01
6.274812221527099609e-01
7.304208278656005859e-01
4.791781902313232422e-01
6.901462078094482422e-01
4.810678958892822266e-01
5.677237510681152344e-01
4.695458412170410156e-01
4.910321235656738281e-01
5.186913013458251953e-01
4.856152534484863281e-01
5.462679862976074219e-01
5.785737037658691406e-01
5.373876094818115234e-01
6.032979488372802734e-01
6.533436775207519531e-01
5.283405780792236328e-01
5.626995563507080078e-01
5.453729629516601562e-01
6.794173717498779297e-01
6.732678413391113281e-01
5.266408920288085938e-01
7.172279357910156250e-01
5.857319831848144531e-01
7.338831424713134766e-01
5.753972530364990234e-01
7.726917266845703125e-01
5.534985065460205078e-01
6.953701972961425781e-01
6.800625324249267578e-01
7.755851745605468750e-01
8.319861888885498047e-01
5.770721435546875000e-01
6.400873661041259766e-01
7.166442871093750000e-01
1.096177816390991211e+00
1.223234415054321289e+00
8.860285282135009766e-01
1.109164476394653320e+00
1.106958866119384766e+00
1.221148490905761719e+00
9.946384429931640625e-01
9.131634235382080078e-01
9.019422531127929688e-01
6.524546146392822266e-01
8.663177490234375000e-01
6.492302417755126953e-01
8.943455219268798828e-01
6.376965045928955078e-01
6.245479583740234375e-01
7.136120796203613281e-01
8.347139358520507812e-01
7.194020748138427734e-01
6.922383308410644531e-01
7.091584205627441406e-01
7.034158706665039062e-01
6.732420921325683594e-01
7.966175079345703125e-01
7.214803695678710938e-01
9.763343334197998047e-01
8.700852394104003906e-01
8.274810314178466797e-01
1.054818630218505859e+00
1.098205804824829102e+00
8.137102127075195312e-01
8.957791328430175781e-01
8.164222240447998047e-01
7.333867549896240234e-01
8.422002792358398438e-01
8.873865604400634766e-01
9.398450851440429688e-01
8.262929916381835938e-01
1.267259597778320312e+00
1.070680856704711914e+00
1.051380872726440430e+00
1.050051450729370117e+00
7.733705043792724609e-01
8.322830200195312500e-01
8.475551605224609375e-01
8.314433097839355469e-01
9.325313568115234375e-01
9.849250316619873047e-01
1.243902206420898438e+00
8.322856426239013672e-01
7.616846561431884766e-01
9.229052066802978516e-01
9.399042129516601562e-01
1.144391775131225586e+00
7.867066860198974609e-01
8.416559696197509766e-01
8.269233703613281250e-01
8.663120269775390625e-01
1.206351757049560547e+00
9.884886741638183594e-01
1.125013351440429688e+00
8.579471111297607422e-01
8.019402027130126953e-01
8.424253463745117188e-01
8.721544742584228516e-01
7.932724952697753906e-01
8.453710079193115234e-01
8.727478981018066406e-01
1.171234369277954102e+00
8.884570598602294922e-01
1.120989322662353516e+00
9.591581821441650391e-01
9.211969375610351562e-01
1.114746332168579102e+00
8.245670795440673828e-01
9.172177314758300781e-01
1.017277717590332031e+00
8.920843601226806641e-01
9.393653869628906250e-01
1.137301921844482422e+00
9.714853763580322266e-01
8.735511302947998047e-01
9.242932796478271484e-01
9.752006530761718750e-01
9.729423522949218750e-01
1.454240560531616211e+00
1.353869438171386719e+00
1.521481990814208984e+00
1.512962818145751953e+00
1.067134857177734375e+00
1.200855731964111328e+00
1.429172754287719727e+00
1.062574386596679688e+00
1.119026422500610352e+00
9.866878986358642578e-01
1.736566543579101562e+00
1.132192134857177734e+00
1.496525526046752930e+00
9.621505737304687500e-01
1.303444385528564453e+00
9.856772422790527344e-01
1.018018722534179688e+00
9.840784072875976562e-01
9.855928421020507812e-01
1.006062984466552734e+00
9.867770671844482422e-01
1.041619062423706055e+00
1.145221471786499023e+00
1.385994434356689453e+00
1.627141475677490234e+00
1.118037462234497070e+00
1.524068832397460938e+00
1.501901865005493164e+00
1.358209848403930664e+00
1.244738101959228516e+00
1.717887878417968750e+00
1.985869646072387695e+00
1.641833782196044922e+00
1.246186017990112305e+00
1.203919172286987305e+00
1.196268796920776367e+00
1.506589412689208984e+00
1.292474269866943359e+00
1.425122976303100586e+00
1.111684322357177734e+00
1.181807279586791992e+00
1.400909423828125000e+00
1.275926351547241211e+00
1.407333374023437500e+00
1.143841981887817383e+00
1.194673776626586914e+00
1.198587417602539062e+00
1.964090347290039062e+00
1.730969667434692383e+00
1.759457111358642578e+00
1.291968345642089844e+00
1.224264383316040039e+00
1.528552770614624023e+00
1.562228202819824219e+00
1.282975196838378906e+00
1.205975770950317383e+00
1.317612886428833008e+00
1.241692781448364258e+00
1.207440376281738281e+00
1.286607742309570312e+00
1.368195056915283203e+00
1.224520206451416016e+00
1.158707141876220703e+00
1.478513240814208984e+00
1.407239675521850586e+00
1.695642471313476562e+00
1.320118904113769531e+00
1.458622932434082031e+00
1.247056484222412109e+00
1.299904584884643555e+00
1.323848009109497070e+00
1.885752677917480469e+00
1.458580970764160156e+00
1.769671678543090820e+00
1.328462600708007812e+00
1.242624044418334961e+00
1.321044921875000000e+00
1.301267862319946289e+00
1.291158914566040039e+00
1.594161987304687500e+00
1.503060579299926758e+00
1.747346878051757812e+00
1.428910732269287109e+00
1.612293720245361328e+00
1.431124687194824219e+00
1.738510370254516602e+00
1.591036558151245117e+00
1.517099380493164062e+00
1.492157697677612305e+00
1.548312425613403320e+00
1.443532943725585938e+00
1.614776849746704102e+00
1.537005901336669922e+00
1.505543231964111328e+00
1.730000972747802734e+00
2.056687593460083008e+00
