2.381801605224609375e-04
2.164840698242187500e-04
3.974437713623046875e-04
3.459453582763671875e-04
6.322860717773437500e-04
5.462169647216796875e-04
8.327960968017578125e-04
1.078128814697265625e-03
1.620531082153320312e-03
1.960277557373046875e-03
1.410007476806640625e-03
1.608371734619140625e-03
1.930236816406250000e-03
2.666950225830078125e-03
2.342462539672851562e-03
2.715110778808593750e-03
3.171682357788085938e-03
3.541469573974609375e-03
3.594636917114257812e-03
5.318164825439453125e-03
4.690885543823242188e-03
6.090879440307617188e-03
5.405426025390625000e-03
5.927562713623046875e-03
7.436037063598632812e-03
6.967544555664062500e-03
7.139205932617187500e-03
9.983301162719726562e-03
9.022951126098632812e-03
9.685277938842773438e-03
9.653806686401367188e-03
1.055002212524414062e-02
1.547861099243164062e-02
1.420307159423828125e-02
1.334357261657714844e-02
1.353883743286132812e-02
1.485133171081542969e-02
1.540970802307128906e-02
1.521492004394531250e-02
1.609420776367187500e-02
1.689767837524414062e-02
1.973867416381835938e-02
2.022337913513183594e-02
2.279496192932128906e-02
2.839112281799316406e-02
3.768730163574218750e-02
2.547693252563476562e-02
2.776265144348144531e-02
2.596807479858398438e-02
3.062462806701660156e-02
3.045272827148437500e-02
3.298091888427734375e-02
2.991580963134765625e-02
3.192472457885742188e-02
3.664875030517578125e-02
3.337478637695312500e-02
3.706288337707519531e-02
4.150605201721191406e-02
3.613305091857910156e-02
3.914070129394531250e-02
3.986024856567382812e-02
4.492354393005371094e-02
4.238390922546386719e-02
4.350233078002929688e-02
4.739189147949218750e-02
4.975318908691406250e-02
4.777050018310546875e-02
5.434107780456542969e-02
5.182194709777832031e-02
6.416487693786621094e-02
7.182955741882324219e-02
7.291340827941894531e-02
6.928634643554687500e-02
6.301617622375488281e-02
7.253527641296386719e-02
6.286096572875976562e-02
6.637191772460937500e-02
6.880044937133789062e-02
6.668496131896972656e-02
7.819938659667968750e-02
8.177614212036132812e-02
7.352232933044433594e-02
8.243179321289062500e-02
7.943391799926757812e-02
7.868409156799316406e-02
8.985757827758789062e-02
8.351278305053710938e-02
8.684921264648437500e-02
8.711838722229003906e-02
9.657478332519531250e-02
8.603119850158691406e-02
9.634876251220703125e-02
9.126353263854980469e-02
9.758663177490234375e-02
9.255719184875488281e-02
1.047325134277343750e-01
9.542655944824218750e-02
1.145765781402587891e-01
1.125886440277099609e-01
1.156709194183349609e-01
1.646800041198730469e-01
1.362442970275878906e-01
1.512629985809326172e-01
1.323201656341552734e-01
1.251151561737060547e-01
1.321580410003662109e-01
1.458852291107177734e-01
1.550214290618896484e-01
1.207337379455566406e-01
1.590735912322998047e-01
1.315166950225830078e-01
1.462180614471435547e-01
1.318020820617675781e-01
1.703915596008300781e-01
1.675429344177246094e-01
1.595811843872070312e-01
1.611056327819824219e-01
1.552033424377441406e-01
1.573774814605712891e-01
1.862266063690185547e-01
1.757724285125732422e-01
1.800396442413330078e-01
1.764481067657470703e-01
2.002232074737548828e-01
1.856079101562500000e-01
2.060568332672119141e-01
1.948788166046142578e-01
2.435147762298583984e-01
2.206580638885498047e-01
2.026863098144531250e-01
2.054972648620605469e-01
2.189106941223144531e-01
2.181544303894042969e-01
2.146422863006591797e-01
2.175886631011962891e-01
2.344932556152343750e-01
2.270269393920898438e-01
2.292969226837158203e-01
2.357282638549804688e-01
2.504427433013916016e-01
2.827415466308593750e-01
3.679182529449462891e-01
2.571544647216796875e-01
2.706744670867919922e-01
3.100476264953613281e-01
2.991039752960205078e-01
2.810041904449462891e-01
2.673699855804443359e-01
2.599546909332275391e-01
2.817499637603759766e-01
2.935543060302734375e-01
2.510123252868652344e-01
2.826433181762695312e-01
2.640149593353271484e-01
2.881500720977783203e-01
2.971127033233642578e-01
2.985174655914306641e-01
3.280463218688964844e-01
2.708911895751953125e-01
3.407392501831054688e-01
3.496360778808593750e-01
3.166589736938476562e-01
3.205232620239257812e-01
2.836649417877197266e-01
3.173904418945312500e-01
3.677101135253906250e-01
3.274867534637451172e-01
3.376500606536865234e-01
3.639822006225585938e-01
3.749601840972900391e-01
3.357727527618408203e-01
3.554067611694335938e-01
3.491597175598144531e-01
3.649673461914062500e-01
3.642258644104003906e-01
3.941009044647216797e-01
3.454709053039550781e-01
3.737790584564208984e-01
3.445456027984619141e-01
4.314427375793457031e-01
4.231407642364501953e-01
3.956625461578369141e-01
4.446370601654052734e-01
4.311680793762207031e-01
4.181926250457763672e-01
4.569427967071533203e-01
4.130790233612060547e-01
4.239122867584228516e-01
4.283356666564941406e-01
4.713256359100341797e-01
4.282696247100830078e-01
4.451112747192382812e-01
4.562127590179443359e-01
4.710912704467773438e-01
4.643635749816894531e-01
4.838535785675048828e-01
5.272264480590820312e-01
5.470533370971679688e-01
4.858038425445556641e-01
5.020298957824707031e-01
5.106332302093505859e-01
5.127406120300292969e-01
5.144348144531250000e-01
6.692733764648437500e-01
7.533342838287353516e-01
5.805969238281250000e-01
6.537871360778808594e-01
5.754332542419433594e-01
5.279297828674316406e-01
5.745353698730468750e-01
6.182706356048583984e-01
5.657384395599365234e-01
6.479029655456542969e-01
6.398568153381347656e-01
5.408310890197753906e-01
6.101615428924560547e-01
6.248126029968261719e-01
6.421873569488525391e-01
6.324100494384765625e-01
7.353985309600830078e-01
6.332206726074218750e-01
6.512637138366699219e-01
6.597630977630615234e-01
5.959889888763427734e-01
6.051380634307861328e-01
6.936042308807373047e-01
6.233129501342773438e-01
7.166337966918945312e-01
6.145739555358886719e-01
6.841428279876708984e-01
7.950024604797363281e-01
6.898791790008544922e-01
6.428151130676269531e-01
6.632564067840576172e-01
7.666430473327636719e-01
6.947774887084960938e-01
6.973190307617187500e-01
7.116236686706542969e-01
7.782542705535888672e-01
8.571128845214843750e-01
7.993068695068359375e-01
9.367878437042236328e-01
8.063776493072509766e-01
8.841030597686767578e-01
8.329730033874511719e-01
8.406577110290527344e-01
9.115626811981201172e-01
9.213464260101318359e-01
7.570223808288574219e-01
9.332532882690429688e-01
8.411738872528076172e-01
8.707408905029296875e-01
8.613915443420410156e-01
8.641505241394042969e-01
8.834278583526611328e-01
8.590624332427978516e-01
8.445045948028564453e-01
8.840460777282714844e-01
9.252436161041259766e-01
8.512880802154541016e-01
9.232323169708251953e-01
8.902125358581542969e-01
8.766283988952636719e-01
8.827934265136718750e-01
8.749754428863525391e-01
8.957500457763671875e-01
8.980062007904052734e-01
1.011929273605346680e+00
9.831240177154541016e-01
1.025528430938720703e+00
1.069773674011230469e+00
9.054276943206787109e-01
1.056247711181640625e+00
1.028247833251953125e+00
9.440860748291015625e-01
1.013357639312744141e+00
9.457883834838867188e-01
1.036091089248657227e+00
1.046586990356445312e+00
9.969079494476318359e-01
8.719267845153808594e-01
9.655492305755615234e-01
1.060780048370361328e+00
1.001259088516235352e+00
1.010106563568115234e+00
9.500801563262939453e-01
9.579832553863525391e-01
9.541783332824707031e-01
1.040972709655761719e+00
9.964797496795654297e-01
1.052574157714843750e+00
1.129447221755981445e+00
1.133488178253173828e+00
1.131195068359375000e+00
1.133803606033325195e+00
1.135422706604003906e+00
9.608383178710937500e-01
1.089111328125000000e+00
1.156298160552978516e+00
9.816768169403076172e-01
1.141482830047607422e+00
1.192819833755493164e+00
1.172237396240234375e+00
1.249929666519165039e+00
1.245628118515014648e+00
1.230138301849365234e+00
1.283380746841430664e+00
1.233152389526367188e+00
1.258564949035644531e+00
1.092153072357177734e+00
1.300527811050415039e+00
1.300618410110473633e+00
1.231716156005859375e+00
1.238321781158447266e+00
1.234222412109375000e+00
1.320628166198730469e+00
1.314231395721435547e+00
1.457642316818237305e+00
1.912321805953979492e+00
1.885980844497680664e+00
1.986640214920043945e+00
1.881965160369873047e+00
2.348213434219360352e+00
1.787897348403930664e+00
1.544075727462768555e+00
1.667069911956787109e+00
1.461252212524414062e+00
1.416752099990844727e+00
1.440844297409057617e+00
1.405503273010253906e+00
1.584242820739746094e+00
1.281212568283081055e+00
1.402066230773925781e+00
1.461381196975708008e+00
1.415869235992431641e+00
1.539290904998779297e+00
1.335180044174194336e+00
1.381174087524414062e+00
1.458152294158935547e+00
1.446463584899902344e+00
1.545967340469360352e+00
1.606214761734008789e+00
1.516056060791015625e+00
1.618810415267944336e+00
1.805764675140380859e+00
1.981986761093139648e+00
1.517599582672119141e+00
1.699872255325317383e+00
1.721900701522827148e+00
1.642733573913574219e+00
1.431633472442626953e+00
1.454157352447509766e+00
1.682131528854370117e+00
1.583787918090820312e+00
2.022609472274780273e+00
1.813838481903076172e+00
1.544825077056884766e+00
1.829865217208862305e+00
1.805642604827880859e+00
1.852659463882446289e+00
1.827857017517089844e+00
1.567883729934692383e+00
1.714251518249511719e+00
1.759889364242553711e+00
1.756548881530761719e+00
1.937360286712646484e+00
1.786434412002563477e+00
1.761642456054687500e+00
1.775234937667846680e+00
1.693814754486083984e+00
1.953345537185668945e+00
1.774344444274902344e+00
1.867673158645629883e+00
2.023560285568237305e+00
1.987533330917358398e+00
2.008558034896850586e+00
1.938481807708740234e+00
1.916351079940795898e+00
1.814114093780517578e+00
1.633185863494873047e+00
1.904303789138793945e+00
1.785265684127807617e+00
1.932662248611450195e+00
1.921159505844116211e+00
1.995958089828491211e+00
2.099766492843627930e+00
1.965285539627075195e+00
1.900179147720336914e+00
2.068172454833984375e+00
1.947124004364013672e+00
1.743522882461547852e+00
1.947083950042724609e+00
2.052796840667724609e+00
1.936074256896972656e+00
1.908375501632690430e+00
2.082497835159301758e+00
1.769016742706298828e+00
1.960714578628540039e+00
1.995965957641601562e+00
1.986816167831420898e+00
1.906531095504760742e+00
2.418071031570434570e+00
2.365010499954223633e+00
2.641788959503173828e+00
2.146908521652221680e+00
1.980276107788085938e+00
2.264291763305664062e+00
2.191992521286010742e+00
2.115057945251464844e+00
2.262415647506713867e+00
2.141083478927612305e+00
2.177880764007568359e+00
2.715705633163452148e+00
2.183885335922241211e+00
2.166446924209594727e+00
2.219274520874023438e+00
2.168694972991943359e+00
1.958371400833129883e+00
2.007171392440795898e+00
2.317324161529541016e+00
2.021874666213989258e+00
2.284081220626831055e+00
2.163778543472290039e+00
2.479784011840820312e+00
2.349426507949829102e+00
2.347558975219726562e+00
2.458260536193847656e+00
2.102986574172973633e+00
2.444744110107421875e+00
2.573606491088867188e+00
2.597098827362060547e+00
2.605537176132202148e+00
2.590820789337158203e+00
2.821146965026855469e+00
2.476751565933227539e+00
2.573410749435424805e+00
2.447035074234008789e+00
2.802795410156250000e+00
2.513498544692993164e+00
2.529532670974731445e+00
2.378411531448364258e+00
2.330895662307739258e+00
2.615787982940673828e+00
2.631010770797729492e+00
2.849710702896118164e+00
2.416148900985717773e+00
2.333555698394775391e+00
2.343979835510253906e+00
2.464501142501831055e+00
2.744753360748291016e+00
2.681361675262451172e+00
2.881051063537597656e+00
2.745683193206787109e+00
2.877275228500366211e+00
2.789562225341796875e+00
2.511065721511840820e+00
2.866217136383056641e+00
2.535601854324340820e+00
2.691055297851562500e+00
2.695846557617187500e+00
2.708493947982788086e+00
2.505401611328125000e+00
2.631245136260986328e+00
2.713048696517944336e+00
2.799275159835815430e+00
3.135390996932983398e+00
2.928139686584472656e+00
2.797239065170288086e+00
2.893324613571166992e+00
2.951316595077514648e+00
2.653338670730590820e+00
2.773599147796630859e+00
2.970565795898437500e+00
3.119549274444580078e+00
3.107788324356079102e+00
2.912092685699462891e+00
2.815218925476074219e+00
2.724882841110229492e+00
2.713953256607055664e+00
2.857507705688476562e+00
2.773780584335327148e+00
3.203266859054565430e+00
3.122962951660156250e+00
3.422393321990966797e+00
3.001176834106445312e+00
3.058507204055786133e+00
3.150872945785522461e+00
3.311648845672607422e+00
3.082098245620727539e+00
3.418362617492675781e+00
3.310786247253417969e+00
3.332035779953002930e+00
2.960762977600097656e+00
3.054393053054809570e+00
3.497776031494140625e+00
3.486697435379028320e+00
3.800708055496215820e+00
3.230115890502929688e+00
